\IC{1396}
1.19167 0.26482 0.00580
\IC{4700}
1.19167 0.26482 0.00580
\Messier{100}
0.93757 0.25972 0.00580
\Messier{101}
0.93757 0.25972 0.00580
\Messier{102}
0.93757 0.25972 0.00580
\Messier{103}
0.93757 0.25972 0.00580
\Messier{104}
0.93757 0.25972 0.00580
\Messier{105}
0.93757 0.25972 0.00580
\Messier{106}
0.93757 0.25972 0.00580
\Messier{107}
0.93757 0.25972 0.00580
\Messier{108}
0.93757 0.25972 0.00580
\Messier{109}
0.93757 0.25972 0.00580
\Messier{10}
0.74216 0.25972 0.00580
\Messier{110}
0.93757 0.25972 0.00580
\Messier{11}
0.74216 0.25393 0.00000
\Messier{12}
0.74216 0.25393 0.00000
\Messier{13}
0.74216 0.25972 0.00580
\Messier{14}
0.74216 0.25393 0.00000
\Messier{15}
0.74216 0.25972 0.00580
\Messier{16}
0.74216 0.25972 0.00580
\Messier{17}
0.74216 0.25393 0.00000
\Messier{18}
0.74216 0.25972 0.00580
\Messier{19}
0.74216 0.25972 0.00580
\Messier{20}
0.74216 0.25972 0.00580
\Messier{21}
0.74216 0.25393 0.00000
\Messier{22}
0.74216 0.25393 0.00000
\Messier{23}
0.74216 0.25972 0.00580
\Messier{25}
0.74216 0.25972 0.00580
\Messier{26}
0.74216 0.25972 0.00580
\Messier{27}
0.74216 0.25393 0.00000
\Messier{28}
0.74216 0.25972 0.00580
\Messier{29}
0.74216 0.25972 0.00580
\Messier{2}
0.54675 0.25393 0.00000
\Messier{31}
0.74216 0.25972 0.00580
\Messier{32}
0.74216 0.25972 0.00580
\Messier{33}
0.74216 0.25972 0.00580
\Messier{34}
0.74216 0.25972 0.00580
\Messier{36}
0.74216 0.25972 0.00580
\Messier{38}
0.74216 0.25972 0.00580
\Messier{39}
0.74216 0.25972 0.00580
\Messier{3}
0.54675 0.25972 0.00580
\Messier{49}
0.74216 0.25972 0.00580
\Messier{4}
0.54675 0.25393 0.00000
\Messier{51}
0.74216 0.25972 0.00580
\Messier{52}
0.74216 0.25972 0.00580
\Messier{53}
0.74216 0.25972 0.00580
\Messier{56}
0.74216 0.25972 0.00580
\Messier{57}
0.74216 0.25972 0.00580
\Messier{58}
0.74216 0.25972 0.00580
\Messier{59}
0.74216 0.25972 0.00580
\Messier{5}
0.54675 0.25972 0.00580
\Messier{60}
0.74216 0.25972 0.00580
\Messier{61}
0.74216 0.25972 0.00580
\Messier{62}
0.74216 0.25972 0.00580
\Messier{63}
0.74216 0.25972 0.00580
\Messier{64}
0.74216 0.25972 0.00580
\Messier{65}
0.74216 0.25972 0.00580
\Messier{66}
0.74216 0.25972 0.00580
\Messier{6}
0.54675 0.25972 0.00580
\Messier{71}
0.74216 0.25393 0.00000
\Messier{72}
0.74216 0.25393 0.00000
\Messier{73}
0.74216 0.25972 0.00580
\Messier{75}
0.74216 0.25972 0.00580
\Messier{76}
0.74216 0.25972 0.00580
\Messier{80}
0.74216 0.25972 0.00580
\Messier{81}
0.74216 0.25972 0.00580
\Messier{82}
0.74216 0.25972 0.00580
\Messier{84}
0.74216 0.25972 0.00580
\Messier{85}
0.74216 0.25972 0.00580
\Messier{86}
0.74216 0.25972 0.00580
\Messier{87}
0.74216 0.25972 0.00580
\Messier{88}
0.74216 0.25972 0.00580
\Messier{89}
0.74216 0.25972 0.00580
\Messier{8}
0.54675 0.25972 0.00580
\Messier{90}
0.74216 0.25972 0.00580
\Messier{91}
0.74216 0.25972 0.00580
\Messier{92}
0.74216 0.25972 0.00580
\Messier{94}
0.74216 0.25972 0.00580
\Messier{95}
0.74216 0.25972 0.00580
\Messier{96}
0.74216 0.25972 0.00580
\Messier{97}
0.74216 0.25972 0.00580
\Messier{98}
0.74216 0.25972 0.00580
\Messier{99}
0.74216 0.25972 0.00580
\Messier{9}
0.54675 0.25972 0.00580
\NGC{1499}
1.62115 0.26482 0.00580
\NGC{6590}
1.62115 0.26482 0.00580
\NGC{6595}
1.62115 0.26482 0.00580
\NGC{6960}
1.62115 0.26482 0.00580
\NGC{6992}
1.62115 0.26482 0.00580
\NGC{6995}
1.62115 0.26482 0.00580
\NGC{7000}
1.62115 0.26482 0.00580
\NGC{7023}
1.62115 0.26482 0.00580
\Starname{$1$}
0.17573 0.23512 0.00000
\Starname{$10$}
0.35146 0.24057 0.00544
\Starname{$100$}
0.52719 0.24057 0.00544
\Starname{$101$}
0.52719 0.24057 0.00544
\Starname{$102$}
0.52719 0.24057 0.00544
\Starname{$104$}
0.52719 0.24057 0.00544
\Starname{$105$}
0.52719 0.24549 0.00544
\Starname{$106$}
0.52719 0.24549 0.00544
\Starname{$107$}
0.52719 0.24057 0.00544
\Starname{$108$}
0.52719 0.24057 0.00544
\Starname{$109$}
0.52719 0.24286 0.00773
\Starname{$11$}
0.35146 0.23512 0.00000
\Starname{$110$}
0.52719 0.24057 0.00544
\Starname{$111$}
0.52719 0.23512 0.00000
\Starname{$112$}
0.52719 0.23512 0.00000
\Starname{$113$}
0.52719 0.24057 0.00544
\Starname{$12$}
0.35146 0.23512 0.00000
\Starname{$13$}
0.35146 0.24057 0.00544
\Starname{$14$}
0.35146 0.23512 0.00000
\Starname{$15$}
0.35146 0.24549 0.00544
\Starname{$16$}
0.35146 0.24549 0.00544
\Starname{$17$}
0.35146 0.23776 0.00263
\Starname{$18$}
0.35146 0.24057 0.00544
\Starname{$19$}
0.35146 0.24286 0.00773
\Starname{$2$}
0.17573 0.23512 0.00000
\Starname{$20$}
0.35146 0.24057 0.00544
\Starname{$21$}
0.35146 0.23512 0.00000
\Starname{$22$}
0.35146 0.23512 0.00000
\Starname{$23$}
0.35146 0.24057 0.00544
\Starname{$24$}
0.35146 0.23512 0.00000
\Starname{$25$}
0.35146 0.24549 0.00544
\Starname{$26$}
0.35146 0.24549 0.00544
\Starname{$27$}
0.35146 0.23776 0.00263
\Starname{$28$}
0.35146 0.24057 0.00544
\Starname{$29$}
0.35146 0.24286 0.00773
\Starname{$3$}
0.17573 0.24057 0.00544
\Starname{$30$}
0.35146 0.24057 0.00544
\Starname{$31$}
0.35146 0.24057 0.00544
\Starname{$32$}
0.35146 0.24057 0.00544
\Starname{$33$}
0.35146 0.24057 0.00544
\Starname{$34$}
0.35146 0.24057 0.00544
\Starname{$35$}
0.35146 0.24549 0.00544
\Starname{$36$}
0.35146 0.24549 0.00544
\Starname{$37$}
0.35146 0.24057 0.00544
\Starname{$38$}
0.35146 0.24057 0.00544
\Starname{$39$}
0.35146 0.24286 0.00773
\Starname{$4$}
0.17573 0.23512 0.00000
\Starname{$40$}
0.35146 0.24057 0.00544
\Starname{$41$}
0.35146 0.23512 0.00000
\Starname{$42$}
0.35146 0.23512 0.00000
\Starname{$43$}
0.35146 0.24057 0.00544
\Starname{$44$}
0.35146 0.23512 0.00000
\Starname{$45$}
0.35146 0.24549 0.00544
\Starname{$46$}
0.35146 0.24549 0.00544
\Starname{$47$}
0.35146 0.23776 0.00263
\Starname{$48$}
0.35146 0.24057 0.00544
\Starname{$49$}
0.35146 0.24286 0.00773
\Starname{$5$}
0.17573 0.24549 0.00544
\Starname{$50$}
0.35146 0.24549 0.00544
\Starname{$51$}
0.35146 0.24549 0.00544
\Starname{$52$}
0.35146 0.24549 0.00544
\Starname{$53$}
0.35146 0.24549 0.00544
\Starname{$54$}
0.35146 0.24549 0.00544
\Starname{$55$}
0.35146 0.24549 0.00544
\Starname{$56$}
0.35146 0.24549 0.00544
\Starname{$57$}
0.35146 0.24549 0.00544
\Starname{$58$}
0.35146 0.24549 0.00544
\Starname{$59$}
0.35146 0.24777 0.00773
\Starname{$6$}
0.17573 0.24549 0.00544
\Starname{$60$}
0.35146 0.24549 0.00544
\Starname{$61$}
0.35146 0.24549 0.00544
\Starname{$62$}
0.35146 0.24549 0.00544
\Starname{$63$}
0.35146 0.24549 0.00544
\Starname{$64$}
0.35146 0.24549 0.00544
\Starname{$65$}
0.35146 0.24549 0.00544
\Starname{$66$}
0.35146 0.24549 0.00544
\Starname{$67$}
0.35146 0.24549 0.00544
\Starname{$68$}
0.35146 0.24549 0.00544
\Starname{$69$}
0.35146 0.24777 0.00773
\Starname{$7$}
0.17573 0.23776 0.00263
\Starname{$70$}
0.35146 0.24057 0.00544
\Starname{$71$}
0.35146 0.23776 0.00263
\Starname{$72$}
0.35146 0.23776 0.00263
\Starname{$73$}
0.35146 0.24057 0.00544
\Starname{$74$}
0.35146 0.23776 0.00263
\Starname{$75$}
0.35146 0.24549 0.00544
\Starname{$76$}
0.35146 0.24549 0.00544
\Starname{$77$}
0.35146 0.23776 0.00263
\Starname{$78$}
0.35146 0.24057 0.00544
\Starname{$79$}
0.35146 0.24286 0.00773
\Starname{$8$}
0.17573 0.24057 0.00544
\Starname{$80$}
0.35146 0.24057 0.00544
\Starname{$81$}
0.35146 0.24057 0.00544
\Starname{$82$}
0.35146 0.24057 0.00544
\Starname{$83$}
0.35146 0.24057 0.00544
\Starname{$84$}
0.35146 0.24057 0.00544
\Starname{$85$}
0.35146 0.24549 0.00544
\Starname{$86$}
0.35146 0.24549 0.00544
\Starname{$87$}
0.35146 0.24057 0.00544
\Starname{$88$}
0.35146 0.24057 0.00544
\Starname{$89$}
0.35146 0.24286 0.00773
\Starname{$9$}
0.17573 0.24286 0.00773
\Starname{$90$}
0.35146 0.24286 0.00773
\Starname{$91$}
0.35146 0.24286 0.00773
\Starname{$92$}
0.35146 0.24286 0.00773
\Starname{$93$}
0.35146 0.24286 0.00773
\Starname{$95$}
0.35146 0.24777 0.00773
\Starname{$96$}
0.35146 0.24777 0.00773
\Starname{$97$}
0.35146 0.24286 0.00773
\Starname{$98$}
0.35146 0.24286 0.00773
\Starname{$99$}
0.35146 0.24286 0.00773
\Starname{$\alpha$}
0.25094 0.17942 0.00597
\Starname{$\alpha^{1  }$}
0.39855 0.30754 0.00597
\Starname{$\alpha^{2  }$}
0.39855 0.30754 0.00597
\Starname{$\beta$}
0.23618 0.34091 0.07925
\Starname{$\beta^{1  }$}
0.38379 0.38082 0.07925
\Starname{$\beta^{2  }$}
0.38379 0.38082 0.07925
\Starname{$\chi$}
0.23091 0.25481 0.08136
\Starname{$\chi^{1  }$}
0.37852 0.38293 0.08136
\Starname{$\chi^{2  }$}
0.37852 0.38293 0.08136
\Starname{$\chi^{3  }$}
0.37852 0.38293 0.08136
\Starname{$\delta$}
0.21685 0.26763 0.00597
\Starname{$\delta^{1  }$}
0.36446 0.30754 0.00597
\Starname{$\delta^{2  }$}
0.36446 0.30754 0.00597
\Starname{$\eta$}
0.24180 0.25006 0.07169
\Starname{$\eta^{1  }$}
0.38941 0.37326 0.07169
\Starname{$\eta^{2  }$}
0.38941 0.37326 0.07169
\Starname{$\gamma$}
0.17362 0.25270 0.07925
\Starname{$\gamma^{1  }$}
0.32123 0.38082 0.07925
\Starname{$\gamma^{2  }$}
0.32123 0.38082 0.07925
\Starname{$\gamma^{3  }$}
0.32123 0.38082 0.07925
\Starname{$\iota$}
0.14515 0.18433 0.00597
\Starname{$\iota^{1  }$}
0.29276 0.30754 0.00597
\Starname{$\iota^{2  }$}
0.29276 0.30754 0.00597
\Starname{$\kappa$}
0.22212 0.17836 0.00000
\Starname{$\kappa^{1  }$}
0.36973 0.30157 0.00000
\Starname{$\kappa^{2  }$}
0.36973 0.30157 0.00000
\Starname{$\lambda$}
0.23618 0.26763 0.00597
\Starname{$\mu$}
0.24039 0.25270 0.07925
\Starname{$\mu^{1  }$}
0.38801 0.38082 0.07925
\Starname{$\mu^{2  }$}
0.38801 0.38082 0.07925
\Starname{$\nu$}
0.21263 0.18433 0.00597
\Starname{$\nu^{1  }$}
0.36024 0.30754 0.00597
\Starname{$\nu^{2  }$}
0.36024 0.30754 0.00597
\Starname{$\omega$}
0.27027 0.17942 0.00597
\Starname{$\omega^{1  }$}
0.41788 0.30754 0.00597
\Starname{$\omega^{2  }$}
0.41788 0.30754 0.00597
\Starname{$\phi$}
0.22247 0.31543 0.07925
\Starname{$\phi^{1  }$}
0.37009 0.38082 0.07925
\Starname{$\phi^{2  }$}
0.37009 0.38082 0.07925
\Starname{$\phi^{3  }$}
0.37009 0.38082 0.07925
\Starname{$\pi$}
0.22142 0.17942 0.00597
\Starname{$\pi^{1  }$}
0.36903 0.30754 0.00597
\Starname{$\pi^{2  }$}
0.36903 0.30754 0.00597
\Starname{$\psi$}
0.27027 0.25270 0.07925
\Starname{$\psi^{1  }$}
0.41788 0.38082 0.07925
\Starname{$\psi^{2  }$}
0.41788 0.38082 0.07925
\Starname{$\psi^{3  }$}
0.41788 0.38082 0.07925
\Starname{$\psi^{4  }$}
0.41788 0.38082 0.07925
\Starname{$\psi^{5  }$}
0.41788 0.38446 0.07925
\Starname{$\psi^{6  }$}
0.41788 0.38446 0.07925
\Starname{$\psi^{7  }$}
0.41788 0.38082 0.07925
\Starname{$\psi^{8  }$}
0.41788 0.38082 0.07925
\Starname{$\psi^{9  }$}
0.41788 0.38082 0.07925
\Starname{$\rho$}
0.22212 0.25481 0.08136
\Starname{$\rho^{1  }$}
0.36973 0.38293 0.08136
\Starname{$\rho^{2  }$}
0.36973 0.38293 0.08136
\Starname{$\rho^{2 g}$}
0.49977 0.38293 0.08136
\Starname{$\sigma$}
0.24988 0.18065 0.00720
\Starname{$\sigma^{1  }$}
0.39750 0.30877 0.00720
\Starname{$\sigma^{2  }$}
0.39750 0.30877 0.00720
\Starname{$\sigma^{3  }$}
0.39750 0.30877 0.00720
\Starname{$\tau$}
0.18346 0.17942 0.00597
\Starname{$\tau^{1  }$}
0.33107 0.30754 0.00597
\Starname{$\tau^{2  }$}
0.33107 0.30754 0.00597
\Starname{$\tau^{3  }$}
0.33107 0.30754 0.00597
\Starname{$\tau^{3 g}$}
0.46111 0.30754 0.00597
\Starname{$\tau^{5  }$}
0.33107 0.31118 0.00597
\Starname{$\tau^{6  }$}
0.33107 0.31118 0.00597
\Starname{$\tau^{7  }$}
0.33107 0.30754 0.00597
\Starname{$\tau^{8  }$}
0.33107 0.30754 0.00597
\Starname{$\upsilon$}
0.23196 0.18433 0.00597
\Starname{$\upsilon^{1  }$}
0.37957 0.30754 0.00597
\Starname{$\upsilon^{2  }$}
0.37957 0.30754 0.00597
\Starname{$\varepsilon$}
0.18346 0.18433 0.00597
\Starname{$\varepsilon^{1  }$}
0.33107 0.30754 0.00597
\Starname{$\varepsilon^{2  }$}
0.33107 0.30754 0.00597
\Starname{$\vartheta$}
0.26218 0.24795 0.00597
\Starname{$\vartheta^{1  }$}
0.40980 0.30754 0.00597
\Starname{$\vartheta^{2  }$}
0.40980 0.30754 0.00597
\Starname{$\xi$}
0.21790 0.34671 0.07925
\Starname{$\xi^{1  }$}
0.36551 0.38082 0.07925
\Starname{$\xi^{2  }$}
0.36551 0.38082 0.07925
\Starname{$\zeta$}
0.21790 0.34671 0.07925
\Starname{$\zeta^{1  }$}
0.36551 0.38082 0.07925
\Starname{$\zeta^{2  }$}
0.36551 0.38082 0.07925
\Starname{$\zeta^{3 g}$}
0.49555 0.38082 0.07925
\Starname{$\zeta^{4  }$}
0.36551 0.38082 0.07925
\Starname{$o$}
0.17573 0.15657 0.00386
\Starname{$o^{1  }$}
0.32334 0.30543 0.00386
\Starname{$o^{2  }$}
0.32334 0.30543 0.00386
\Starname{}
0.00000 0.00000 0.00000
